# Time-averaged data for fix 3
# TimeStep c_output_pressure v_lx v_ly v_lz
31000 6142.08 35.4098 158.434 20.5968
32000 69.0515 35.9855 159.721 21.6079
33000 2.15852 36.0611 159.468 21.7299
34000 7.55949 36.0454 159.19 21.7782
35000 -6.49792 36.0127 159.8 21.762
36000 4.64349 36.0287 159.664 21.7347
37000 9.70653 35.9529 159.722 21.8066
38000 -3.16808 35.9615 159.789 21.8004
39000 -4.70951 36.0074 159.737 21.804
40000 9.86763 36.0178 159.616 21.7853
41000 -0.643589 36.136 159.378 21.7702
42000 -2.80209 36.0485 159.683 21.7929
43000 -12.6303 35.9912 159.791 21.8318
44000 24.7214 35.9289 159.961 21.8278
45000 1.96833 35.962 159.893 21.855
46000 -3.65782 35.9696 159.879 21.8582
47000 -3.43486 35.9694 160.002 21.8882
48000 -2.01102 35.9374 160.246 21.9001
49000 4.21654 35.8778 160.323 21.9329
50000 4.85504 35.8683 160.423 21.9265
51000 -4.96726 35.9081 160.319 21.9792
52000 5.6068 35.8577 160.537 22.0092
53000 -8.03461 35.9298 160.487 21.9498
54000 3.84269 35.7796 160.766 22.0021
55000 14.8436 35.9092 160.414 21.9828
56000 -10.0715 35.9714 160.468 21.9867
57000 2.35256 35.8696 160.635 22.0265
58000 10.2003 35.8019 160.848 22.0506
59000 -12.3526 35.8984 160.501 22.0481
60000 4.30336 35.948 160.437 22.0187
61000 9.70502 35.8751 160.892 22.0098
62000 -9.26162 35.8437 160.674 22.0318
63000 1.31793 35.8927 160.331 22.0288
64000 3.33169 35.8642 160.577 22.0214
65000 -6.19232 35.8858 160.637 22.0657
66000 4.39499 35.8181 160.573 22.0762
67000 -8.9064 35.8381 160.687 22.055
68000 16.3234 35.8323 160.692 22.0406
69000 -4.37208 35.8856 160.511 22.0543
70000 10.6721 35.7916 160.836 22.1251
71000 -1.29891 35.89 160.528 22.0538
72000 1.61234 35.7883 160.609 22.1066
73000 -8.63758 35.82 160.586 22.0896
74000 -3.17474 35.7767 160.809 22.0909
75000 8.54444 35.8483 160.517 22.1139
76000 7.64329 35.9061 160.497 22.0611
77000 -5.77085 35.8565 160.546 22.0932
78000 -6.98059 35.8801 160.557 22.0674
79000 17.9133 35.8285 160.575 22.1105
80000 1.5126 35.8319 160.552 22.1174
81000 -1.19009 35.8911 160.52 22.0876
82000 0.726627 35.8884 160.498 22.1032
83000 -7.54715 35.8351 160.711 22.1112
84000 -3.48813 35.8235 160.622 22.105
85000 11.9616 35.8358 160.712 22.1323
86000 -5.0295 35.8987 160.528 22.0456
87000 12.5239 35.8276 160.61 22.0941
88000 1.95299 35.9289 160.501 22.0479
89000 -4.46776 35.8541 160.724 22.1084
90000 2.02377 35.8365 160.525 22.0736
91000 -0.758337 35.7908 160.698 22.1118
92000 8.25104 35.8337 160.556 22.1209
93000 3.77979 35.8573 160.477 22.1264
94000 -15.1781 35.8205 160.648 22.1311
95000 7.65983 35.834 160.615 22.075
96000 7.60937 35.8253 160.712 22.1134
97000 -6.38038 35.767 160.801 22.1199
98000 2.91948 35.8184 160.563 22.0939
99000 3.84127 35.8604 160.562 22.0768
100000 -0.293793 35.8503 160.596 22.0589
101000 -0.384285 35.8814 160.499 22.0918
102000 -0.791227 35.9295 160.405 22.0749
103000 12.2131 35.8324 160.393 22.1173
104000 -5.18108 35.8659 160.605 22.0794
105000 2.51634 35.8643 160.538 22.0806
106000 3.4127 35.9063 160.429 22.0611
107000 1.40812 35.9347 160.246 22.0751
108000 -4.24202 35.9031 160.573 22.068
109000 0.0353839 35.8828 160.457 22.0946
110000 -2.44119 35.8387 160.398 22.1389
111000 -1.83413 35.8482 160.604 22.1345
112000 -1.09078 35.9081 160.404 22.0875
113000 8.59384 35.9035 160.306 22.0964
114000 6.85262 35.8345 160.75 22.107
115000 -10.252 35.9345 160.2 22.0938
116000 17.8429 35.8953 160.519 22.0954
117000 -0.703518 35.8572 160.393 22.1122
118000 -15.5989 35.9469 160.236 22.0788
119000 3.67948 35.9188 160.481 22.0784
120000 2.6789 36.0111 160.072 22.0713
121000 6.08882 35.8903 160.475 22.0965
122000 -3.42078 35.8993 160.532 22.1245
123000 8.58018 35.8708 160.51 22.1052
124000 -2.48471 35.8797 160.408 22.0969
125000 -7.71525 35.8912 160.471 22.0871
126000 9.56585 35.949 160.541 22.0811
127000 -12.1698 35.8477 160.557 22.1265
128000 9.63339 35.8671 160.574 22.1172
129000 1.72309 35.9628 160.37 22.1095
130000 -10.341 35.8922 160.572 22.1233
131000 4.30299 35.9022 160.574 22.1169
132000 -11.3727 35.9209 160.569 22.1528
133000 12.3535 36.0042 160.465 22.1095
134000 1.10391 35.9733 160.424 22.1247
135000 -6.97586 35.9698 160.466 22.1233
136000 19.09 35.9409 160.411 22.151
137000 -6.36142 35.9315 160.516 22.1446
138000 2.47255 35.9101 160.682 22.1476
139000 0.91487 35.8994 160.534 22.1508
140000 -2.09498 35.9696 160.595 22.1433
141000 7.91871 35.8651 160.767 22.2013
142000 -1.96275 35.8844 160.634 22.1707
143000 3.82528 35.9531 160.607 22.1544
144000 3.33039 35.8711 160.786 22.1539
145000 6.48024 35.8941 160.791 22.1362
146000 -3.57083 35.9357 160.643 22.1611
147000 -8.46022 35.9595 160.596 22.1722
148000 13.5447 35.9257 160.742 22.1687
149000 0.22647 35.894 160.641 22.1655
150000 -2.32827 35.9015 160.495 22.1787
151000 -7.86772 35.947 160.488 22.1939
152000 1.4599 35.9244 160.647 22.1754
153000 1.43375 35.8322 160.671 22.1945
154000 5.82896 35.8464 160.694 22.1735
155000 -9.0764 35.9031 160.63 22.1468
156000 14.3791 35.8722 160.69 22.1895
157000 0.135221 35.904 160.667 22.158
158000 -0.364848 35.8643 160.725 22.1686
159000 7.51833 35.9046 160.511 22.1739
160000 -6.79909 35.924 160.616 22.1595
161000 -2.28903 35.8323 160.819 22.2029
162000 -1.89214 35.8709 160.68 22.186
163000 5.74201 35.8834 160.678 22.1802
164000 8.41502 35.8951 160.55 22.1762
165000 -3.66364 35.9129 160.644 22.204
166000 -5.75556 35.8409 160.709 22.1777
167000 -3.99119 35.903 160.679 22.1931
168000 14.5331 35.8847 160.877 22.1672
169000 12.7457 35.951 160.843 22.1521
170000 -6.0615 35.8643 160.965 22.2073
171000 2.20922 35.9257 160.712 22.1961
172000 -7.40584 35.9892 160.642 22.1553
173000 2.12623 35.953 160.716 22.1686
174000 -2.53957 35.9335 160.629 22.1716
175000 6.77523 35.9323 160.725 22.154
176000 -12.8525 35.9657 160.702 22.1266
177000 6.18817 35.9328 160.78 22.17
178000 -0.0135971 35.922 160.718 22.193
179000 7.0866 35.918 160.829 22.1621
180000 1.79798 35.9387 160.589 22.1658
181000 -0.977418 35.9435 160.638 22.2
182000 -0.0524772 35.8785 160.889 22.2198
183000 6.03026 35.9871 160.704 22.1243
184000 3.2209 35.9607 160.472 22.173
185000 -8.2271 35.8762 160.725 22.1844
186000 11.2909 35.917 160.758 22.1699
187000 -10.6378 35.9295 160.659 22.1436
188000 11.6938 35.8957 160.695 22.1654
189000 2.13913 35.923 160.871 22.1839
190000 -1.47771 35.9064 160.666 22.1893
191000 8.76368 35.9193 160.852 22.168
192000 3.38485 35.891 160.884 22.1816
193000 -12.149 35.8614 160.742 22.2388
194000 11.7614 35.9059 160.641 22.176
195000 -0.566831 35.9202 160.73 22.1842
196000 -15.72 35.9223 160.787 22.1952
197000 10.3973 35.8842 160.682 22.1895
198000 -0.174715 35.8874 160.555 22.176
199000 7.4098 35.8394 160.801 22.2115
200000 9.46535 35.8301 160.918 22.2316
201000 -10.2552 35.9388 160.617 22.2028
202000 -6.3569 35.9383 160.642 22.1934
203000 14.3858 35.8553 160.899 22.2212
204000 -7.04533 35.8999 160.99 22.2193
205000 6.86257 35.9218 160.575 22.1885
206000 -1.84723 35.9224 160.889 22.1843
207000 2.6974 35.8889 160.708 22.2384
208000 12.5337 35.8131 160.937 22.2314
209000 -8.7024 35.9323 160.779 22.1681
210000 8.42244 35.8637 160.753 22.2262
211000 3.33173 35.8752 160.647 22.206
212000 7.91946 35.8689 160.893 22.2128
213000 -1.21692 35.9129 160.75 22.2281
214000 -3.93192 35.9888 160.674 22.1964
215000 0.144386 35.8722 160.942 22.2059
216000 -7.76816 35.8784 160.808 22.2097
217000 4.46853 35.94 160.684 22.2053
218000 6.34465 35.8667 160.86 22.2106
219000 4.99352 35.9571 160.619 22.1443
220000 -1.57989 35.8594 160.887 22.2147
221000 -4.04141 35.8514 160.867 22.2024
222000 8.02958 35.8957 160.85 22.1763
223000 1.59015 35.8972 160.858 22.1506
224000 -7.30935 35.9055 160.8 22.1705
225000 0.986379 35.8632 160.793 22.2057
226000 10.0962 35.9179 160.907 22.166
227000 -9.99256 35.9719 160.65 22.1843
228000 6.99543 35.8444 160.896 22.222
229000 -0.925303 35.8865 160.895 22.1626
230000 5.34922 35.9748 160.66 22.1605
231000 -4.11479 35.958 160.796 22.2147
232000 9.19886 36.0339 160.76 22.1865
233000 -12.2104 36.0176 160.823 22.1507
234000 3.59642 36.0184 160.527 22.1343
235000 -3.09652 35.9323 160.757 22.1811
236000 5.05715 35.906 160.848 22.1967
237000 1.84381 35.8784 160.868 22.1949
238000 7.23647 35.8535 160.797 22.1866
239000 -4.70989 35.9633 160.726 22.1844
240000 6.13071 35.9489 160.768 22.1881
241000 2.24355 35.9857 160.793 22.1714
242000 -5.5131 35.9206 160.815 22.1974
243000 5.61419 35.8909 160.926 22.2112
244000 -2.3964 35.8752 161.185 22.2197
245000 -0.141823 35.9182 160.91 22.2057
246000 4.97717 35.9457 160.825 22.195
247000 -0.774752 35.9326 160.892 22.2118
248000 5.92152 35.959 160.702 22.1854
249000 5.02558 35.9758 160.685 22.162
250000 -21.4857 35.9887 160.884 22.1747
251000 9.05184 35.9575 160.985 22.1737
252000 10.7147 35.9731 160.771 22.1926
253000 -5.73031 36.0144 160.691 22.1819
254000 -1.91561 35.9217 160.939 22.2337
255000 4.6476 35.9196 160.87 22.241
256000 -7.49986 35.9842 160.752 22.1944
257000 10.1263 35.9564 160.882 22.2021
258000 -10.1875 36.0368 160.881 22.1957
259000 10.7755 36.0018 160.83 22.172
260000 6.51537 35.9623 160.855 22.2001
261000 2.41075 35.9499 160.917 22.2236
262000 -1.97944 35.9793 160.786 22.2044
263000 5.09778 36.0119 160.741 22.1789
264000 2.70051 36.0082 160.612 22.2028
265000 -8.43848 35.9408 160.942 22.218
266000 6.69752 35.9855 160.65 22.216
267000 -8.22832 35.9287 160.692 22.2051
268000 3.89023 35.9695 160.746 22.1886
269000 3.9695 35.9495 160.858 22.2224
270000 8.45643 35.9553 160.848 22.2178
271000 -0.551153 36.0068 160.694 22.1929
272000 -9.86444 35.9621 160.865 22.2395
273000 6.39987 35.9186 160.899 22.2379
274000 10.7708 35.9436 160.848 22.2046
275000 -13.7175 35.9826 160.997 22.197
276000 3.20367 36.006 160.891 22.1969
277000 -3.57318 35.9985 160.906 22.2591
278000 5.33946 35.9732 160.947 22.2421
279000 7.54175 36.0372 160.653 22.2045
280000 -3.52022 36.0911 160.494 22.1878
281000 -5.2303 36.0217 160.796 22.2026
282000 4.9621 36.014 160.567 22.2132
283000 -1.82632 36.0452 160.389 22.211
284000 9.83673 35.959 160.932 22.2272
285000 -3.22387 36.0204 160.734 22.2256
286000 2.19417 36.0939 160.348 22.1591
287000 -14.8379 36.1657 160.375 22.1866
288000 20.6405 35.9946 160.614 22.2612
289000 -3.6907 36.0234 160.602 22.2385
290000 -10.9057 36.1119 160.511 22.1953
291000 9.50671 35.9829 160.509 22.2149
292000 0.868668 36.0785 160.47 22.1669
293000 1.42095 36.0314 160.742 22.213
294000 14.3568 35.9861 160.735 22.2281
295000 -4.18529 36.0639 160.284 22.2156
296000 3.69667 36.1181 160.486 22.1701
297000 -1.14262 36.054 160.608 22.2008
298000 -0.615912 35.9999 160.767 22.2101
299000 1.8423 36.0625 160.556 22.1971
300000 -8.52877 36.0938 160.435 22.1898
301000 4.4303 36.0071 160.79 22.19
302000 2.18345 36.0457 160.591 22.2076
303000 -2.46599 36.1091 160.591 22.1943
304000 9.1969 35.9589 160.835 22.221
305000 4.69845 36.0068 160.753 22.2311
306000 -12.1763 35.9928 160.464 22.2208
307000 6.85612 36.0029 160.516 22.2066
308000 6.47228 36.0315 160.612 22.2151
309000 -4.83373 36.0325 160.618 22.2413
310000 2.06452 35.9644 160.565 22.2421
311000 -2.06963 36.1122 160.496 22.2158
312000 2.97846 36.0777 160.646 22.2271
313000 0.769328 36.0852 160.473 22.2101
314000 5.99349 36.0139 160.555 22.2148
315000 -0.7313 36.0545 160.527 22.2257
316000 -11.5218 36.0763 160.583 22.2199
317000 7.113 36.1392 160.391 22.1755
318000 9.54462 36.0683 160.518 22.1887
319000 -6.26659 36.0199 160.741 22.2248
320000 -2.20103 36.0395 160.77 22.2407
321000 -0.648236 36.0982 160.469 22.2076
322000 8.90235 36.1221 160.457 22.1973
323000 -5.03808 36.1182 160.522 22.1522
324000 6.76981 36.1116 160.444 22.1965
325000 -0.911338 35.9973 160.823 22.231
326000 2.32273 36.1496 160.592 22.1909
327000 0.140581 36.0466 160.664 22.217
328000 6.65599 36.0441 160.551 22.2418
329000 0.801058 36.0817 160.606 22.1835
330000 3.93811 36.0195 160.722 22.2045
331000 8.68169 36.0899 160.611 22.1947
332000 27.3213 36.1263 160.406 22.1777
333000 9.71765 36.1139 160.442 22.1805
334000 27.8322 36.0632 160.567 22.1821
335000 52.5627 36.0127 160.532 22.232
336000 49.5419 36.0251 160.489 22.2237
337000 73.3901 36.0363 160.543 22.1685
338000 68.3704 36.053 160.63 22.1903
339000 93.214 36.0439 160.48 22.1848
340000 93.937 36.1625 160.262 22.1351
341000 109.585 36.0569 160.511 22.1374
342000 114.73 36.0921 160.263 22.1308
343000 131.24 36.0893 160.348 22.1207
344000 116.546 36.0625 160.349 22.1451
345000 157.505 36.1169 160.219 22.1073
346000 155.032 36.0175 160.444 22.1406
347000 170.176 36.0937 160.141 22.1002
348000 186.97 36.1001 160.213 22.0559
349000 174.557 36.0769 160.379 22.0733
350000 194.459 36.0787 160.305 22.1343
351000 214.081 36.1005 160.118 22.1263
352000 204.988 36.0355 160.301 22.1066
353000 236.001 36.0412 160.213 22.107
354000 232.832 36.0327 160.385 22.0897
355000 243.492 36.001 160.237 22.1012
356000 249.596 36.1425 160.29 22.0626
357000 279.086 36.0884 160.122 22.0811
358000 283.696 36.0663 159.996 22.0573
359000 275.692 36.0754 160.105 22.0898
360000 303.096 36.0566 160.15 22.0807
361000 296.255 36.113 159.878 22.0758
362000 313.19 36.0761 159.872 22.0552
363000 319.81 36.0565 160.083 22.0541
364000 344.345 36.1385 160.032 22.0288
365000 336.521 36.124 159.783 22.0365
366000 360.307 36.0475 160.036 22.0248
367000 369.69 36.0731 160.038 22.0308
368000 383.393 36.1362 159.743 22.011
369000 378.435 36.0927 160.032 21.9812
370000 392.531 36.0462 160.049 21.9959
371000 421.834 36.0652 159.706 22.0207
372000 414.593 36.0083 159.957 22.0253
373000 418.969 36.0798 160.006 21.9768
374000 429.987 36.0101 159.862 22.0177
375000 452.66 36.0013 159.804 21.9953
376000 464.715 36.0905 159.927 21.9371
377000 454.81 36.0458 159.763 21.9822
378000 488.08 35.9885 159.87 21.9548
379000 492.253 36.0414 159.766 21.9539
380000 488.41 36.1441 159.624 21.918
381000 505.522 36.0708 159.756 21.9713
382000 517.701 35.971 159.909 21.9811
383000 521.741 36.0303 159.719 21.9772
384000 524.107 36.0042 159.78 21.9749
385000 559.676 36.0442 159.712 21.9096
386000 547.25 35.9733 159.903 22.0066
387000 573.895 36.0438 159.732 21.9705
388000 560.838 36.0557 159.651 21.9138
389000 599.37 36.0363 159.592 21.9236
390000 588.671 36.0352 159.582 21.917
391000 597.78 35.9887 159.623 21.9586
392000 617.863 35.9462 159.79 21.9631
393000 635.575 36.0463 159.461 21.9298
394000 639.555 36.0299 159.618 21.915
395000 646.228 36.005 159.756 21.9319
396000 651.444 36.0296 159.635 21.9212
397000 655.978 36.0578 159.339 21.9188
398000 677.293 35.9918 159.504 21.9187
399000 685.224 36.0533 159.512 21.909
400000 709.011 36.0674 159.38 21.8883
401000 693.46 36.0007 159.647 21.9381
402000 715.879 36.0303 159.488 21.9048
403000 728.838 35.9248 159.849 21.9464
404000 735.09 36.0685 159.235 21.8903
405000 753.043 35.9879 159.561 21.905
406000 752.297 36.0075 159.491 21.9013
407000 760.972 35.987 159.407 21.9085
408000 776.587 36.0256 159.285 21.8761
409000 782.721 36.0486 159.433 21.8715
410000 796.118 36.0599 159.481 21.861
411000 795.764 36.0718 159.14 21.8758
412000 821.389 36.0455 159.306 21.8245
413000 817.827 36.0912 159.258 21.8224
414000 841.667 36.076 159.197 21.8509
415000 848.992 36.0578 159.079 21.8236
416000 856.049 36.0538 159.21 21.8295
417000 861.071 36.0165 159.184 21.807
418000 865.665 36.0619 158.999 21.8077
419000 892.307 36.0439 159.192 21.8228
420000 891.737 35.985 159.319 21.8406
421000 911.216 35.9782 159.265 21.8384
422000 895.53 36.0027 159.026 21.8585
423000 934.857 36.0334 159.182 21.8
424000 936.489 35.961 159.146 21.8406
425000 937.496 36.0653 158.916 21.8038
426000 950.471 36.0033 159.153 21.7941
427000 979.016 36.0328 159.124 21.7599
428000 973.884 36.0443 159.016 21.7874
429000 978.978 36.099 158.907 21.7535
430000 1008.92 35.9541 159.217 21.8022
431000 994.156 35.9902 159.023 21.7792
432000 1001.07 36.0458 158.893 21.7692
433000 999.41 36.048 158.883 21.762
434000 990.356 36.0383 159.104 21.7819
435000 996.877 36.0187 159.092 21.801
436000 1012.81 36.0126 158.963 21.8003
437000 1002.31 35.9576 159.148 21.8249
438000 1003.54 36.035 159.059 21.7907
439000 989.67 36.0054 159.087 21.8086
440000 1014.88 36.0371 158.81 21.768
441000 991.414 35.989 158.978 21.7863
442000 996.976 35.9265 159.19 21.7916
443000 993.47 35.9823 159.016 21.7943
444000 1034.43 35.9539 159.043 21.7901
445000 975.715 36.0265 158.924 21.7699
446000 1005.06 35.9793 158.911 21.7669
447000 996.785 35.9346 159.111 21.7977
448000 998.041 35.8611 159.353 21.8387
449000 1001.74 35.9627 159.082 21.807
450000 1012.34 36.0058 159.106 21.7811
451000 985.701 36.0421 159.049 21.7288
452000 1002.34 35.9981 159.061 21.77
453000 994.763 35.9635 159.088 21.8142
454000 1005.24 35.954 159.216 21.7688
455000 1007.93 35.956 159.125 21.7894
456000 993.473 36.0019 159.039 21.772
457000 1000.2 35.9353 159.013 21.7848
458000 998.911 35.9587 159.134 21.7684
459000 985.263 35.9789 159.059 21.7661
460000 998.918 35.9259 159.148 21.7947
461000 1016.65 35.9366 159.101 21.7803
462000 999.869 35.9382 159.213 21.7739
463000 987.186 35.9812 159.065 21.7538
464000 1020.78 35.9707 158.973 21.7431
465000 995.636 35.9042 159.186 21.7708
466000 999.293 35.9174 159.165 21.7492
467000 996.522 35.9635 159.014 21.7685
468000 995.565 35.9399 158.954 21.7924
469000 1003.06 35.9286 159.032 21.783
470000 990.685 35.8572 159.239 21.827
471000 1010.6 35.9489 159.101 21.7554
472000 992.969 35.9677 158.929 21.7716
473000 1001.56 35.9347 159.128 21.777
474000 1002.2 35.9755 159.101 21.7642
475000 990.444 36.0178 158.891 21.7565
476000 1009.4 36.0021 158.793 21.7337
477000 1004.55 36.0306 158.974 21.7494
478000 1003.81 35.9558 159.049 21.8011
479000 1004.05 35.9936 158.959 21.7873
480000 1001.28 35.9522 159.076 21.7854
481000 987.702 36.0282 158.941 21.7549
482000 1008.45 35.9753 159.071 21.7715
483000 995.884 36.0449 158.993 21.7391
484000 1001.01 36.0202 158.88 21.7171
485000 1004.26 36.0662 158.914 21.7221
486000 1010.78 36.1338 158.724 21.6887
487000 997.275 36.0229 158.906 21.7292
488000 994.869 36.0724 158.764 21.7103
489000 988.755 36.0453 158.689 21.7504
490000 1000.62 35.9997 159.021 21.736
491000 1004.88 36.0013 159.012 21.7451
492000 993.847 35.9985 158.754 21.7798
493000 1001.73 36.058 158.871 21.7361
494000 996.715 36.0451 158.865 21.7504
495000 1003.97 36.1401 158.513 21.7095
496000 1010.52 36.0862 158.779 21.681
497000 986.876 36.0696 158.743 21.7116
498000 1012.88 36.0573 158.758 21.7034
499000 995.396 36.0598 158.654 21.7257
500000 999.71 36.0971 158.751 21.6929
501000 999.135 36.0388 158.89 21.7067
502000 1005.23 35.9863 158.863 21.7852
503000 994.221 36.0454 158.841 21.718
504000 1011.13 36.0892 158.824 21.7065
505000 993.686 36.0042 158.873 21.7614
506000 1008.28 36.0897 158.859 21.7197
507000 1004.1 36.0659 158.785 21.7491
508000 1000.52 36.0117 158.948 21.7386
509000 998.92 36.0219 158.887 21.7219
510000 990.407 36.0178 158.958 21.7457
511000 1013.86 36.0505 158.853 21.7324
512000 984.525 36.0197 158.845 21.748
513000 1002.51 36.0712 158.711 21.7234
514000 999.83 35.9753 159.065 21.7622
515000 1004.87 36.027 158.98 21.7491
516000 995.105 35.9715 158.911 21.7657
517000 998.903 36.008 158.953 21.7503
518000 998.182 36.094 158.779 21.6788
519000 1011.85 36.0683 158.804 21.739
520000 991.03 36.0656 158.781 21.7359
521000 996.048 35.9767 158.857 21.748
522000 1000.99 35.9642 159.089 21.7474
523000 1000.01 36.0548 158.883 21.7346
524000 1001.13 36.0041 158.819 21.7391
525000 1002.11 35.9633 158.951 21.7749
526000 987.991 36.0173 158.969 21.745
527000 1000.84 35.9993 158.951 21.753
528000 1011 36.0319 158.773 21.7583
529000 1007.86 35.9844 158.902 21.7515
530000 992.688 36.0454 159.104 21.7173
531000 991.433 36.071 158.832 21.7299
532000 1012.57 35.9976 158.838 21.7287
533000 1009.47 36.0692 158.726 21.7171
534000 993.287 36.043 158.783 21.7245
535000 982.956 36.0254 158.857 21.7616
536000 997.404 36.0293 158.779 21.7282
537000 1010 36.0308 158.79 21.7334
538000 997.66 36.0322 158.985 21.7621
539000 986.528 36.0604 158.711 21.7263
540000 1017.87 36.014 158.766 21.7277
541000 1006.95 36.0595 158.678 21.743
542000 993.641 35.9688 159.044 21.7701
543000 993.224 36.0274 158.756 21.7498
544000 1004.19 35.9653 158.897 21.7639
545000 1011.96 35.9596 158.995 21.7791
546000 979.592 35.9819 158.984 21.7452
547000 995.811 35.9949 158.707 21.7287
548000 1012.73 36.0556 158.753 21.6912
549000 986.143 35.9891 158.775 21.7279
550000 1001.88 36.007 158.861 21.7216
551000 1011.35 36.0127 158.784 21.7432
552000 1003.29 35.9608 158.963 21.7423
553000 991.896 35.9808 158.826 21.7439
554000 999.018 35.9934 158.916 21.7313
555000 998.073 35.953 159.035 21.7827
556000 1001.86 36.014 158.732 21.724
557000 1006.23 36.0033 158.808 21.7235
558000 987.805 35.9931 158.839 21.7356
559000 1009.57 36.0582 158.832 21.6966
560000 995.935 35.9864 158.838 21.7201
561000 998.562 36.0553 158.638 21.7158
562000 1001.32 36.0449 158.754 21.7321
563000 988.07 36.032 158.655 21.7495
564000 1008.93 35.9811 158.902 21.748
565000 984.785 35.9847 158.857 21.7634
566000 1018.4 36.0217 158.693 21.7308
567000 991.067 36.0237 158.77 21.7158
568000 991.957 36.0465 158.766 21.7473
569000 1000.88 36.0386 158.709 21.7254
570000 1008.94 36.0166 158.78 21.7209
571000 988.771 36.0478 158.759 21.703
572000 993.984 36.0065 158.787 21.757
573000 1005.01 36.0026 158.856 21.7409
574000 1001.36 35.9764 158.927 21.7486
575000 997.67 35.9942 158.831 21.7457
576000 994.384 36.0668 158.735 21.7371
577000 998.182 36.0252 158.912 21.7336
578000 1016.97 36.0211 158.865 21.7253
579000 986.174 36.0875 158.671 21.703
580000 999.18 36.0762 158.802 21.6925
581000 1002.22 36.0388 158.868 21.7171
582000 1006.09 36.039 158.798 21.7363
583000 995.14 36.0029 158.749 21.7377
584000 1010.82 36.0097 159.011 21.755
585000 994.761 35.9968 158.799 21.74
586000 998.005 35.9856 158.827 21.7399
587000 996.975 36.0191 158.752 21.6956
588000 1010.71 35.9812 158.791 21.7183
589000 996.468 35.9938 158.902 21.7549
590000 997.586 36.0484 158.771 21.7228
591000 994.671 36.0161 158.718 21.7066
592000 994.695 35.987 158.747 21.72
593000 1014.79 35.9807 158.89 21.7353
594000 990.22 35.9357 159.041 21.7604
595000 1002.17 35.9653 158.921 21.7657
596000 994.191 35.9493 158.9 21.7843
597000 1012.12 35.9434 159.06 21.7781
598000 980.384 35.9387 159.17 21.7932
599000 1008.43 35.9659 158.879 21.754
600000 999.901 36.0075 158.801 21.7463
601000 1012.34 36.0353 158.835 21.7287
602000 1001.65 36.0452 158.703 21.6924
603000 974.931 36.0092 158.777 21.7141
604000 1016.62 36.0581 158.665 21.72
605000 990.846 35.9498 158.89 21.7879
606000 995.006 35.9893 158.971 21.7746
607000 1010.13 36.0218 158.723 21.7285
608000 1000.32 35.9603 158.886 21.7578
609000 1000.56 36.0054 158.794 21.7634
610000 1002.53 35.9811 158.947 21.7611
611000 1001.78 36.0619 158.652 21.7403
612000 1005.31 36.0669 158.636 21.7115
613000 994.593 36.0453 158.806 21.7095
614000 999.852 36.0654 158.722 21.7229
615000 1000.81 36.0756 158.668 21.7213
616000 999.134 36.0235 158.968 21.7422
617000 1004.74 36.1064 158.679 21.7364
618000 999.67 36.0686 158.83 21.7558
619000 1000.46 36.0001 158.863 21.771
620000 1007.83 36.0811 158.605 21.7055
621000 987.851 36.1287 158.585 21.7038
622000 1016.08 36.1042 158.592 21.7274
623000 996.987 36.0755 158.713 21.7264
624000 983.105 36.0841 158.665 21.7193
625000 1015.17 36.0545 158.724 21.7394
626000 994.49 36.0612 158.724 21.7409
627000 1021.09 36.1003 158.567 21.7498
628000 991.497 35.9985 158.872 21.7703
629000 1007.15 36.0198 158.772 21.7486
630000 986.438 36.1247 158.631 21.7187
631000 994.435 36.0278 158.812 21.7629
632000 1027.64 36.0612 158.754 21.7187
633000 1012.87 36.0409 158.741 21.7304
634000 1036.81 36.0609 158.742 21.7453
635000 1042.78 36.0887 158.69 21.7062
636000 1056.66 36.0243 158.758 21.7217
637000 1068.54 36.0835 158.617 21.7014
638000 1091.85 36.0477 158.546 21.7363
639000 1077.74 36.0843 158.628 21.7006
640000 1092.55 36.0703 158.507 21.6951
641000 1101.19 36.1228 158.54 21.638
642000 1123.8 36.0802 158.483 21.6628
643000 1117.65 36.019 158.606 21.6895
644000 1132.86 36.0978 158.455 21.644
645000 1159.44 36.0013 158.649 21.6584
646000 1154.15 36.1041 158.405 21.6461
647000 1161.26 36.0311 158.513 21.6601
648000 1178.67 36.0589 158.445 21.6263
649000 1172.2 36.0821 158.392 21.6412
650000 1190.92 36.0729 158.356 21.5959
651000 1207.97 36.0648 158.401 21.62
652000 1234.6 36.047 158.566 21.6462
653000 1220.27 36.0293 158.459 21.6508
654000 1229.8 35.9968 158.576 21.6556
655000 1251.94 35.9862 158.601 21.6416
656000 1243.65 36.0434 158.533 21.6505
657000 1275.3 36.0462 158.322 21.6427
658000 1258.5 36.0642 158.402 21.6022
659000 1299.08 35.9824 158.47 21.6438
660000 1287.64 36.0082 158.389 21.6342
661000 1309.19 36.0043 158.465 21.647
662000 1306.44 36.0285 158.468 21.6101
663000 1340.3 35.9575 158.528 21.6653
664000 1327.02 36.0215 158.301 21.6395
665000 1343.47 36.0162 158.502 21.6171
666000 1366.36 36.0277 158.314 21.6143
667000 1348.69 36.0842 158.231 21.5704
668000 1370.84 36.0173 158.339 21.6099
669000 1376.25 36.0209 158.384 21.5973
670000 1410.11 35.9972 158.268 21.5966
671000 1401.54 36.0404 158.143 21.5807
672000 1405.52 36.0438 158.252 21.578
673000 1448.83 36.0391 158.227 21.5936
674000 1434.63 36.0069 158.196 21.5897
675000 1452.31 36.0977 158.125 21.5365
676000 1452.39 36.0508 158.138 21.5566
677000 1453.63 36.138 157.978 21.5357
678000 1483.33 36.0639 157.987 21.5456
679000 1475.22 36.0339 158.16 21.5438
680000 1509.45 36.0934 157.87 21.5414
681000 1498.28 36.1149 157.968 21.5467
682000 1508.6 36.0205 158.122 21.5586
683000 1527.22 36.0814 157.916 21.5359
684000 1532.75 36.1329 158.06 21.5034
685000 1548.65 36.0726 158.057 21.5197
686000 1555.13 36.0554 157.932 21.5412
687000 1564.32 36.0232 158.089 21.5266
688000 1563.63 36.053 157.967 21.5108
689000 1595.61 36.0971 157.807 21.5064
690000 1594.82 36.0953 157.891 21.4973
691000 1603.12 36.0136 157.921 21.5567
692000 1620.65 36.0202 158.062 21.5309
693000 1620.77 36.047 158.136 21.5208
694000 1637.34 36.0204 158.041 21.5495
695000 1632.31 36.0204 158.21 21.5338
696000 1668.61 36.0572 158.01 21.4988
697000 1660.17 36.0695 157.994 21.4837
698000 1676.88 36.0662 157.898 21.4731
699000 1686.25 36.015 157.952 21.4979
700000 1691.9 36.0263 157.854 21.4913
701000 1704.08 35.9617 158.114 21.5277
702000 1708.63 36.0208 158.006 21.4831
703000 1727.12 35.9413 158.142 21.5441
704000 1735.41 36.0671 157.9 21.4819
705000 1750.38 35.9461 158.102 21.5321
706000 1750.88 36.0717 157.901 21.4901
707000 1765.93 35.9963 157.852 21.4993
708000 1781.97 36.0482 157.729 21.4761
709000 1772.71 36.0195 158.018 21.4815
710000 1794.05 35.9856 157.986 21.4926
711000 1801.84 36.0063 157.715 21.4951
712000 1829.58 36.0054 157.868 21.4687
713000 1817.74 35.9125 158.122 21.5112
714000 1835.45 35.9614 157.822 21.4965
715000 1845.37 36.0107 157.816 21.4713
716000 1852.39 36.0142 157.805 21.4586
717000 1872.81 35.9429 157.896 21.4769
718000 1877.37 35.9336 157.876 21.4702
719000 1868.31 35.9836 157.7 21.4613
720000 1915.3 35.9655 157.733 21.4609
721000 1893.3 36.0164 157.758 21.4695
722000 1927.07 36.0593 157.494 21.453
723000 1921.29 35.9808 157.699 21.4736
724000 1933.5 36.0087 157.577 21.4666
725000 1942.1 35.986 157.718 21.4713
726000 1962.12 35.9964 157.627 21.4611
727000 1965.93 35.9633 157.812 21.4938
728000 1971.26 36.0204 157.515 21.4525
729000 1985.92 35.9791 157.606 21.4587
730000 2001.24 35.9965 157.563 21.4384
731000 2000.96 35.9525 157.681 21.4638
732000 2001.81 36.0539 157.512 21.4168
733000 1990.61 36.0178 157.5 21.4105
734000 2004.81 35.9899 157.508 21.4352
735000 2005.22 35.9136 157.729 21.4874
736000 2003.8 35.9596 157.603 21.4478
737000 1993.12 35.9828 157.53 21.4532
738000 2017.26 36.0309 157.44 21.433
739000 1973.73 36.0441 157.378 21.4184
740000 2017.2 36.0472 157.493 21.4145
741000 2001.38 36.0544 157.494 21.4157
742000 1998.37 35.9681 157.564 21.4714
743000 2005.21 36.0394 157.49 21.4052
744000 1983.96 36.0704 157.352 21.4167
745000 2001.1 36.094 157.363 21.3977
746000 2000.55 36.0578 157.527 21.4002
747000 2002.05 36.0645 157.386 21.411
748000 2002.96 36.0646 157.259 21.4185
749000 1999.51 36.1029 157.349 21.3773
750000 1990.54 36.0546 157.346 21.4022
751000 2020.58 36.1072 157.328 21.3791
752000 1989.79 36.054 157.417 21.3808
753000 2005.28 36.0501 157.527 21.3993
754000 1997.04 36.0159 157.689 21.4061
755000 2016.79 36.0183 157.518 21.4274
756000 1979.25 36.0487 157.546 21.4125
757000 2001.71 35.9937 157.683 21.4129
758000 2007.75 35.994 157.542 21.43
759000 1999.41 36.0465 157.571 21.409
760000 1998.88 36.0509 157.556 21.4173
761000 1988.89 35.9959 157.518 21.4414
762000 2002.12 36.0128 157.341 21.4454
763000 2006.48 36.017 157.545 21.4167
764000 2010.03 36.0737 157.367 21.4102
765000 1979.93 36.068 157.45 21.4167
766000 2011.36 36.0308 157.508 21.4091
767000 1984.47 36.0698 157.517 21.4228
768000 2000.58 36.0663 157.397 21.4072
769000 2003.22 36.0614 157.535 21.3908
770000 1999.44 36.0194 157.577 21.4194
771000 2001.48 36.0275 157.435 21.3907
772000 1986.11 36.053 157.291 21.4008
773000 1999.37 36.0218 157.601 21.3947
774000 2005.56 36.1041 157.311 21.3698
775000 2007.9 36.1284 157.252 21.387
776000 1995.26 36.0985 157.341 21.3921
777000 1984.36 36.1288 157.191 21.3774
778000 2011.13 36.1007 157.409 21.3865
779000 2010.26 36.1118 157.412 21.3729
780000 2004.63 36.1388 157.217 21.3735
781000 1996.73 36.1635 157.233 21.3536
782000 2005.88 36.1874 157.11 21.3685
783000 2005.18 36.1102 157.298 21.3754
784000 1991.56 36.1298 157.268 21.3941
785000 2000.75 36.0989 157.307 21.3932
786000 1990.09 36.1098 157.268 21.4077
787000 2003.85 36.0995 157.398 21.4001
788000 2002.67 36.1484 157.26 21.3743
789000 1988.63 36.1306 157.311 21.379
790000 2000.84 36.1074 157.326 21.3967
791000 2011.86 36.0921 157.403 21.3821
792000 1983.07 36.1208 157.305 21.395
793000 2011.23 36.1641 157.303 21.3898
794000 2006.53 36.0858 157.41 21.4035
795000 1999.6 36.049 157.489 21.4162
796000 1993.15 36.1038 157.335 21.3734
797000 2008.01 36.1249 157.244 21.3934
798000 1999.43 36.1335 157.509 21.3719
799000 2004.31 36.1287 157.24 21.3625
800000 1989.9 36.1305 157.296 21.3764
801000 2004.64 36.1166 157.329 21.3824
802000 1994.02 36.1048 157.444 21.3913
803000 2014.39 36.1993 157.219 21.3511
804000 1991.71 36.1679 157.184 21.3734
805000 1992.82 36.1971 157.197 21.3557
806000 2001.22 36.1261 157.256 21.3852
807000 2006.73 36.206 157.07 21.355
808000 1999.22 36.1302 157.319 21.3683
809000 1992.26 36.1993 156.944 21.3597
810000 2002.05 36.1647 157.214 21.361
811000 2003.46 36.1846 157.251 21.3631
812000 2003.98 36.1487 157.232 21.401
813000 1997.98 36.1223 157.282 21.385
814000 1987.52 36.0972 157.26 21.4126
815000 1997.63 36.1118 157.429 21.393
816000 2004.47 36.1241 157.234 21.4038
817000 2006.74 36.1134 157.356 21.3962
818000 1999.86 36.1031 157.256 21.4091
819000 2001.3 36.1336 157.188 21.4025
820000 2000.51 36.146 157.215 21.3871
821000 1997.79 36.1466 157.218 21.394
822000 1999 36.1618 157.257 21.4002
823000 1997.86 36.129 157.302 21.4154
824000 1995.83 36.1905 157.181 21.3904
825000 2009.64 36.1216 157.163 21.4153
826000 2000.98 36.1838 157.238 21.3844
827000 1994.97 36.1458 157.268 21.403
828000 2005.23 36.2094 157.101 21.3738
829000 2004.75 36.1669 157.228 21.3861
830000 1999.06 36.1323 157.335 21.4086
831000 1993.15 36.1187 157.367 21.4132
832000 1993.23 36.1538 157.183 21.4048
833000 2013.81 36.0813 157.453 21.4276
834000 1994.56 36.1245 157.198 21.4145
835000 1996.55 36.1586 157.231 21.3953
836000 1996.41 36.13 157.308 21.3906
837000 2006.85 36.1046 157.242 21.4206
838000 1979.8 36.117 157.321 21.429
839000 2022.33 36.1033 157.231 21.4168
840000 1990.95 36.1512 157.248 21.3968
841000 2003.11 36.1174 157.286 21.4255
842000 2001.85 36.2317 157.034 21.3662
843000 1983.48 36.1772 157.239 21.3925
844000 2008.4 36.1786 157.079 21.3868
845000 2010.7 36.1758 157.189 21.3765
846000 1996.96 36.239 157.026 21.3651
847000 1999.58 36.2464 157.017 21.3592
848000 2006.63 36.1458 157.246 21.381
849000 1987.17 36.168 157.137 21.4072
850000 2003.19 36.1695 157.222 21.3931
851000 2005.19 36.158 157.261 21.4133
852000 1989.01 36.1721 157.209 21.3887
853000 2000.08 36.1585 157.261 21.384
854000 1996.42 36.1538 157.176 21.3869
855000 2011.94 36.1541 157.081 21.3931
856000 2006.24 36.1288 157.391 21.3704
857000 1980.39 36.2714 156.998 21.3495
858000 1995.91 36.1649 157.222 21.3918
859000 2006.78 36.206 157.077 21.3442
860000 1992.44 36.2104 157.189 21.3487
861000 2014.44 36.1544 157.213 21.377
862000 2010.72 36.1599 157.178 21.3553
863000 1985.61 36.2526 157.101 21.3234
864000 1995.39 36.2435 157.076 21.3593
865000 2006.08 36.2169 157.076 21.3454
866000 1990.79 36.193 157.159 21.3424
867000 2007.38 36.2182 157.016 21.3607
868000 1990.44 36.2002 157.13 21.3659
869000 2004.91 36.2135 156.989 21.3487
870000 2004.64 36.1927 157.055 21.351
871000 2005.52 36.2435 156.997 21.323
872000 2004.77 36.18 157.149 21.3653
873000 2006.43 36.2348 156.976 21.3393
874000 1996.54 36.2437 156.992 21.3329
875000 1998.48 36.1937 157.131 21.3549
876000 1993.56 36.2056 157.049 21.3486
877000 2012.12 36.2351 157.008 21.3326
878000 1990.56 36.149 157.247 21.363
879000 1998.19 36.2823 156.916 21.3188
880000 1995.66 36.1724 157.13 21.3722
881000 2005.44 36.1908 157.076 21.349
882000 1989.73 36.2733 156.894 21.3293
883000 2014.35 36.2454 156.902 21.3399
884000 1999.76 36.2769 156.81 21.3248
885000 1978.15 36.2356 156.932 21.3415
886000 2022.82 36.2541 156.872 21.333
887000 1989.14 36.234 157.006 21.3539
888000 1992.17 36.186 156.965 21.3711
889000 2002.22 36.2404 156.905 21.3634
890000 2002.43 36.23 156.913 21.3441
891000 2003.62 36.1804 156.947 21.3785
892000 2004.32 36.243 156.919 21.347
893000 2000.59 36.3021 156.807 21.3162
894000 1980.43 36.2256 156.913 21.359
895000 2017.29 36.2 156.9 21.3678
896000 1993.68 36.1956 157.031 21.3432
897000 1997.6 36.1996 157.024 21.3361
898000 2002.21 36.2547 156.907 21.349
899000 2002.25 36.1841 157.001 21.3575
900000 1988.67 36.1957 157.108 21.3462
901000 2004.03 36.252 156.882 21.3228
902000 2004.05 36.2751 156.947 21.3454
903000 2006.54 36.2114 157.005 21.3583
904000 1999.74 36.1946 157.004 21.349
905000 1997.35 36.2316 156.888 21.3468
906000 1992.94 36.2326 156.997 21.3497
907000 2005.74 36.217 156.942 21.3382
908000 2008.18 36.2072 156.948 21.3478
909000 1986.56 36.2103 156.986 21.3558
910000 2013.93 36.2794 156.733 21.3211
911000 1981.29 36.1667 157.097 21.3733
912000 2017.21 36.2013 156.942 21.3449
913000 1988.72 36.2109 157.098 21.339
914000 2018.88 36.1786 157.099 21.3369
915000 1987.35 36.2051 156.986 21.369
916000 1995.6 36.2491 157.042 21.3441
917000 2006.57 36.2254 156.968 21.3391
918000 1995.03 36.2479 156.85 21.3619
919000 2006.08 36.2199 156.849 21.3558
920000 1998.28 36.1479 157.115 21.3527
921000 1993.86 36.2327 156.983 21.3332
922000 1995.42 36.2121 156.894 21.3417
923000 2014.31 36.2372 156.913 21.337
924000 1992.91 36.2333 156.985 21.3408
925000 1993.02 36.2323 157.045 21.3485
926000 2008.1 36.2089 156.989 21.3538
927000 1988.19 36.1985 156.978 21.3343
928000 2000.51 36.2204 156.959 21.3338
929000 2002.85 36.1524 157.023 21.3644
930000 2001.65 36.2401 156.946 21.3228
931000 2002.69 36.1467 157.164 21.3657
932000 2022.62 36.1987 156.936 21.3456
933000 2012.34 36.1844 157.022 21.3478
934000 2044.06 36.2052 156.977 21.3591
935000 2038.58 36.1816 157.092 21.3512
936000 2068.8 36.1976 156.96 21.3548
937000 2049.58 36.2182 156.977 21.3246
938000 2080.03 36.1996 156.906 21.3152
939000 2093.46 36.2587 156.873 21.3271
940000 2101.18 36.1473 157.024 21.3367
941000 2100.96 36.2194 156.871 21.3301
942000 2104.82 36.1429 157.07 21.3665
943000 2133.28 36.2253 156.855 21.3076
944000 2129.87 36.1513 157.105 21.3316
945000 2143.81 36.2261 156.739 21.3095
946000 2156.14 36.2312 156.838 21.2869
947000 2169.68 36.1971 157.015 21.311
948000 2170.05 36.2454 156.752 21.3047
949000 2184.96 36.2589 156.716 21.2845
950000 2191.12 36.1817 156.939 21.292
951000 2217.85 36.22 156.735 21.2926
952000 2217.75 36.224 156.669 21.3043
953000 2219.08 36.1793 156.862 21.3124
954000 2227.92 36.2153 156.639 21.3181
955000 2254.37 36.1864 156.891 21.2902
956000 2259.25 36.1979 156.813 21.3012
957000 2260.27 36.1812 156.883 21.2877
958000 2267.33 36.1782 156.889 21.2841
959000 2291.59 36.1539 156.839 21.2977
960000 2292.94 36.1729 156.699 21.3016
961000 2310.83 36.1298 156.877 21.313
962000 2318.31 36.1328 156.804 21.3114
963000 2321.71 36.145 156.698 21.3017
964000 2352.38 36.183 156.74 21.286
965000 2324.44 36.1389 156.75 21.2944
966000 2351.52 36.2413 156.57 21.2497
967000 2376.19 36.1722 156.718 21.2822
968000 2359.2 36.1648 156.66 21.2756
969000 2397.43 36.1228 156.888 21.2713
970000 2408.37 36.1724 156.871 21.2454
971000 2405.06 36.1562 156.599 21.2789
972000 2406.53 36.1386 156.697 21.2749
973000 2414.24 36.1856 156.584 21.2703
974000 2434 36.145 156.614 21.2729
975000 2446.9 36.1435 156.719 21.27
976000 2454.57 36.1278 156.694 21.2603
977000 2470.9 36.093 156.823 21.2874
978000 2457.98 36.0917 156.839 21.2853
979000 2494.22 36.1098 156.835 21.2598
980000 2509.89 36.0859 156.742 21.2713
981000 2479.89 36.1753 156.654 21.2315
982000 2522.35 36.0935 156.847 21.2603
983000 2523.99 36.1212 156.716 21.2367
984000 2547.4 36.0772 156.778 21.2466
985000 2529.98 36.1348 156.648 21.2334
986000 2556.27 36.1361 156.624 21.2395
987000 2562.11 36.1817 156.517 21.2346
988000 2585.58 36.0727 156.773 21.257
989000 2600.99 36.0718 156.69 21.2523
990000 2568.17 36.1167 156.55 21.2397
991000 2615.04 36.114 156.563 21.2189
992000 2616.51 36.076 156.638 21.2356
993000 2620.15 36.0952 156.702 21.2411
994000 2632.55 36.0958 156.505 21.244
995000 2658.33 36.0607 156.611 21.2609
996000 2645.15 36.0907 156.47 21.2423
997000 2663.93 36.0361 156.718 21.2462
998000 2687.02 36.0119 156.737 21.2464
999000 2677.63 36.0158 156.68 21.2359
1000000 2686.06 36.0516 156.511 21.2224
1001000 2702.24 36.0493 156.66 21.2087
1002000 2712.01 36.078 156.527 21.2165
1003000 2727.96 36.0799 156.378 21.2169
1004000 2751.91 36.0747 156.479 21.2003
1005000 2728.63 36.0693 156.511 21.2138
1006000 2754.93 36.0402 156.492 21.2211
1007000 2765.05 36.0399 156.562 21.2215
1008000 2771.96 36.0662 156.41 21.1824
1009000 2773.79 36.0493 156.448 21.2141
1010000 2811.78 36.084 156.372 21.1838
1011000 2797.33 36.0692 156.312 21.2026
1012000 2820.98 36.0485 156.444 21.2053
1013000 2824.76 36.0201 156.379 21.2101
1014000 2836.69 36.0652 156.36 21.1881
1015000 2841.91 36.0924 156.216 21.1876
1016000 2856.55 36.0226 156.38 21.2028
1017000 2857.02 36.0865 156.264 21.1834
1018000 2887.66 36.0304 156.394 21.1904
1019000 2877.5 36.0153 156.383 21.2033
1020000 2900.02 36.0504 156.397 21.1768
1021000 2895.41 36.0175 156.418 21.1976
1022000 2924.99 36.0177 156.389 21.1922
1023000 2930.29 36.0347 156.413 21.1811
1024000 2926.93 35.9957 156.381 21.2008
1025000 2951.92 36.0077 156.321 21.1922
1026000 2956.27 36.0311 156.372 21.1951
1027000 2948.06 36.0108 156.443 21.1661
1028000 3001.81 36.0082 156.321 21.198
1029000 2979.29 36.01 156.396 21.1884
1030000 2995.38 36.0093 156.342 21.1743
1031000 3003.74 36.022 156.364 21.178
1032000 2997.37 35.985 156.38 21.1801
1033000 3003.37 36.0354 156.299 21.1706
1034000 3006 35.9998 156.44 21.1661
1035000 2986.01 35.9998 156.479 21.1735
1036000 3004.92 36.0341 156.304 21.1441
1037000 2997.97 35.9804 156.355 21.1866
1038000 3009.09 36.0241 156.379 21.1633
1039000 2993.06 35.99 156.368 21.1871
1040000 2999.03 36.015 156.353 21.16
1041000 3016.1 36.0032 156.324 21.1559
1042000 2983.52 35.9892 156.275 21.1778
1043000 2999.64 36.0531 156.231 21.1547
1044000 3006.52 36.005 156.31 21.1659
1045000 3000.76 36.0014 156.284 21.1751
1046000 2991.96 36.0031 156.457 21.1691
1047000 3013.22 36.0367 156.194 21.1603
1048000 2996.75 36.0162 156.35 21.1592
1049000 2993.71 35.9911 156.398 21.1672
1050000 3000.16 35.9879 156.254 21.1836
1051000 3011.67 36.0363 156.269 21.1562
1052000 2990.38 35.9985 156.289 21.1641
1053000 3002.42 36.0063 156.272 21.1648
1054000 2999.37 35.9888 156.343 21.1757
1055000 3004.57 36.001 156.312 21.1663
1056000 3000.89 36.0039 156.308 21.1629
1057000 3002.85 35.9891 156.374 21.1751
1058000 2989.52 36.0091 156.275 21.1569
1059000 3003.53 35.9653 156.285 21.1749
1060000 3007.37 36.0198 156.14 21.1663
1061000 2999.19 35.992 156.333 21.1667
1062000 3004.39 35.9698 156.366 21.181
1063000 2991.47 35.9964 156.231 21.1755
1064000 3018.41 35.9964 156.268 21.1702
1065000 2986.61 35.9915 156.279 21.1821
1066000 2999.88 36.0274 156.118 21.1574
1067000 2995.82 35.9974 156.244 21.1753
1068000 3005.49 36.0083 156.183 21.1683
1069000 2996.8 36.0156 156.113 21.1866
1070000 3006.12 35.9937 156.345 21.1513
1071000 2998.02 36.0025 156.245 21.1636
1072000 3004.5 35.9982 156.291 21.1659
1073000 2993.04 36.0376 156.244 21.1637
1074000 3008.25 36.0034 156.257 21.1687
1075000 2995.77 35.9846 156.249 21.1774
1076000 3016.93 36.0069 156.235 21.16
1077000 2986.92 35.9905 156.321 21.1741
1078000 3007.06 36.0204 156.21 21.1481
1079000 2996.19 35.9905 156.365 21.1717
1080000 3008.18 36.0005 156.136 21.1788
1081000 2994.99 35.9646 156.295 21.1907
1082000 2993.33 35.9897 156.413 21.1774
1083000 2999.28 35.9852 156.227 21.1639
1084000 3008.13 35.9689 156.254 21.1932
1085000 2998.07 36.038 156.156 21.1548
1086000 3005.84 36.0265 156.012 21.1744
1087000 2993.59 36.0086 156.15 21.1734
1088000 2991.66 36.0013 156.189 21.1732
1089000 3011.61 36.0263 156.029 21.1887
1090000 3002.97 36.0317 156.218 21.1526
1091000 2991.81 36.0169 156.121 21.1832
1092000 3008.13 36.0144 156.121 21.176
1093000 2985.78 36.033 156.188 21.18
1094000 3013.96 36.0384 156.124 21.1643
1095000 2992.25 35.9489 156.33 21.2003
1096000 2998.86 36.0227 156.295 21.1821
1097000 3016.43 35.982 156.264 21.1911
1098000 2993.16 36.0023 156.247 21.1783
1099000 2999.29 35.9985 156.34 21.1744
1100000 2990.11 35.9523 156.403 21.1986
1101000 3004.59 36.015 156.219 21.1672
1102000 3004.95 35.9991 156.253 21.1714
1103000 2998.32 35.9897 156.296 21.1792
1104000 3004.72 35.9842 156.388 21.1782
1105000 3007.47 36.0289 156.266 21.1593
1106000 3000.97 35.9629 156.357 21.1943
1107000 2996.6 35.9992 156.327 21.1886
1108000 3009.72 35.9844 156.187 21.1751
1109000 3001.55 36.0168 156.141 21.1872
1110000 2986.77 35.9855 156.25 21.1882
1111000 3009 36.0445 156.141 21.1616
1112000 2992.81 36.0352 156.012 21.1658
1113000 3007.77 36.0753 155.972 21.1531
1114000 2995.02 36.0165 156.199 21.1729
1115000 2998.44 36.0212 156.198 21.1628
1116000 3005.56 35.9795 156.205 21.191
1117000 3001.94 35.981 156.29 21.1848
1118000 2995.94 35.9934 156.141 21.1786
1119000 2995.14 35.971 156.193 21.1868
1120000 3015.79 35.9399 156.233 21.1926
1121000 2990.12 36.0287 156.056 21.153
1122000 3001.38 35.9466 156.373 21.1965
1123000 2994.21 35.9769 156.253 21.1752
1124000 3009.39 35.9837 156.132 21.1805
1125000 2982.51 35.9794 156.176 21.1844
1126000 3020.64 36.0171 156.143 21.1667
1127000 2983.6 36.0005 156.096 21.1848
1128000 3018.93 36.0058 156.112 21.187
1129000 2996.48 35.9787 156.159 21.1809
1130000 3000.03 35.9546 156.275 21.1888
1131000 2982.91 36.0065 156.045 21.1795
1132000 3013.81 36.0098 156.123 21.1708
1133000 3003.79 35.9683 156.289 21.1752
1134000 2992.73 36.0207 156.053 21.1734
1135000 2996.14 36.0048 156.051 21.1752
1136000 3009.58 35.9427 156.281 21.1897
1137000 2992.75 35.9837 156.27 21.1737
1138000 3003.5 35.9569 156.215 21.1984
1139000 2999.79 36.0229 156.125 21.179
1140000 3002.7 35.932 156.372 21.2149
1141000 3004.6 35.9623 156.28 21.1869
1142000 2984.85 35.9821 156.238 21.1999
1143000 3007.17 35.9028 156.35 21.2266
1144000 3001.14 35.9933 156.355 21.1585
1145000 2997.19 36.0088 156.157 21.1829
1146000 3005.68 35.9754 156.273 21.1794
1147000 2998.06 35.9851 156.285 21.1797
1148000 2991.43 35.9555 156.253 21.2134
1149000 3005.79 36.0002 156.126 21.1741
1150000 3001.56 35.9591 156.34 21.1993
1151000 2997.33 36.0356 156.048 21.1739
1152000 3012.44 35.9771 156.169 21.1887
1153000 3001.68 35.9306 156.299 21.204
1154000 2979.55 35.9683 156.215 21.1986
1155000 3017.46 35.9875 156.14 21.1914
1156000 3009.06 36.0002 156.231 21.1695
1157000 2991.27 35.9853 156.101 21.189
1158000 2989.82 35.9892 156.227 21.1795
1159000 3008.38 35.9522 156.173 21.1949
1160000 3006.9 35.9866 156.136 21.1782
1161000 2995.16 36.057 156.022 21.1539
1162000 2997.19 35.999 156.17 21.1798
1163000 3003.89 35.9999 156.051 21.1898
1164000 2986.37 36.0352 156.07 21.1664
1165000 3019.33 36.0191 156.007 21.1798
1166000 2984.97 36.0149 156.025 21.1846
1167000 3010.29 36.0264 156.033 21.1736
1168000 3000.09 36.0383 155.868 21.164
1169000 3001.65 36.0278 155.936 21.1708
1170000 2986.51 36.0344 155.94 21.1837
1171000 3012.01 36.0821 155.825 21.1512
1172000 2993.11 36.01 155.966 21.186
1173000 3008.02 36.0524 155.893 21.1476
1174000 2986.83 36.0106 156.021 21.1705
1175000 3005.12 36.0256 155.997 21.1605
1176000 3002.44 36.0555 155.881 21.1569
1177000 2994.12 35.9793 156.16 21.1629
1178000 3018.91 36.0281 155.946 21.1574
1179000 2974.99 36.0132 156.081 21.1487
1180000 3012.24 36.0241 156.083 21.1522
1181000 2991.82 36.0441 156.002 21.1547
1182000 3004.98 36.0537 155.989 21.1546
1183000 2992.49 36.0438 155.994 21.1572
1184000 3010.61 36.017 156.024 21.1703
1185000 3007.37 36.0517 156.028 21.141
1186000 2990.57 36.0193 155.914 21.1725
1187000 3010.79 36.084 155.876 21.1426
1188000 2992.9 36.054 155.929 21.14
1189000 2986.59 36.0124 155.897 21.1653
1190000 3015.35 36.0226 155.938 21.1704
1191000 2979.86 36.014 156.08 21.1435
1192000 3009.11 36.0323 155.866 21.1553
1193000 3000.64 36.0144 156.045 21.1663
1194000 3015.07 36.0292 155.87 21.1592
1195000 2987.7 36.0142 156.029 21.1813
1196000 3005.54 36.002 155.889 21.1732
1197000 2995.3 36.0738 155.866 21.1503
1198000 2994.48 36.0353 156.014 21.1391
1199000 3010.01 36.0408 155.867 21.1569
1200000 2989.3 36.0283 156.018 21.1566
1201000 3013.01 36.0588 155.928 21.1624
1202000 2985.19 36.0102 155.989 21.1564
1203000 2994.66 36.0501 155.878 21.1502
1204000 2996.26 36.0406 155.929 21.1411
1205000 3002.04 36.043 155.977 21.1573
1206000 3011.33 36.0563 155.837 21.1394
1207000 2991.57 36.0379 155.989 21.1477
1208000 3003.47 36.0493 155.912 21.1537
1209000 2988.01 36.0637 155.898 21.1531
1210000 3002.53 36.0246 155.978 21.1516
1211000 2994.08 36.0487 155.942 21.1502
1212000 3016.87 36.0364 155.991 21.154
1213000 2986.51 36.0563 155.878 21.1392
1214000 3003.98 36.058 155.945 21.1379
1215000 3005.06 36.0566 155.855 21.1495
1216000 2997.57 36.0555 155.851 21.1468
1217000 2983.84 36.0376 156.007 21.1444
1218000 3024.98 36.0112 155.96 21.1741
1219000 2994.05 36.0505 156.006 21.1443
1220000 2995.97 36.0352 155.984 21.1439
1221000 3010.67 36.0229 155.946 21.1639
1222000 2991.48 36.0112 156.024 21.169
1223000 3000.69 36.1174 155.797 21.1179
1224000 2987.87 35.9961 156.105 21.1731
1225000 3002.21 36.0486 156.012 21.1453
1226000 3014.62 35.9842 156.077 21.161
1227000 3004.94 36.0504 156.047 21.1393
1228000 2988.97 36.0425 156.035 21.1437
1229000 3000.18 36.0256 155.979 21.1523
1230000 2984.55 36.0283 156.013 21.1538
1231000 3005.62 36.0138 156.119 21.1437
1232000 3009.32 36.0134 155.979 21.157
1233000 3035.83 35.9917 156.118 21.1456
1234000 3034.11 36.0169 156.1 21.1593
1235000 3033.63 36.0253 156.049 21.1579
1236000 3061.25 36.0109 156.059 21.1397
1237000 3078.1 35.9915 156.028 21.163
1238000 3065.28 36.0679 155.912 21.125
1239000 3081.99 36.0163 155.94 21.1411
1240000 3104.67 36.0585 155.821 21.1342
1241000 3093.55 36.0218 155.975 21.1383
1242000 3120.2 36.0052 156.107 21.1377
1243000 3122.42 36.0126 156.118 21.133
1244000 3125.42 36.0106 156.017 21.1323
1245000 3156.31 35.9465 156.226 21.132
1246000 3155.56 36.0605 155.85 21.1095
1247000 3165.27 36.035 155.882 21.1184
1248000 3179.45 36.0203 155.954 21.1059
1249000 3180.29 36.0546 155.782 21.1144
1250000 3206.66 36.0454 155.89 21.1057
1251000 3197.35 35.9893 156.029 21.1287
1252000 3215.68 36.0322 155.811 21.1129
1253000 3238.46 36.0181 155.932 21.119
1254000 3235.52 36.0692 155.843 21.0858
1255000 3231.92 36.0388 155.767 21.1131
1256000 3261.72 36.0331 155.736 21.0875
1257000 3248.84 36.0131 155.932 21.1
1258000 3291.46 36.0278 155.732 21.1051
1259000 3275.23 35.982 155.868 21.1105
1260000 3299.14 36.0007 155.879 21.1008
1261000 3308.45 35.9953 155.709 21.1128
1262000 3321.7 35.9932 155.735 21.1124
1263000 3334.41 36.0165 155.742 21.0797
1264000 3325.2 36.0258 155.642 21.0921
1265000 3338.01 35.9798 155.791 21.0971
1266000 3359.55 36.0259 155.692 21.0916
1267000 3352.67 35.9961 155.727 21.0884
1268000 3388.71 36.0237 155.728 21.0756
1269000 3376.96 35.9881 155.765 21.0922
1270000 3394.37 35.9765 155.66 21.1052
1271000 3422.81 36.0219 155.617 21.0733
1272000 3393.76 36.0031 155.613 21.0861
1273000 3437.56 36.0183 155.545 21.0727
1274000 3427.98 35.9838 155.726 21.0788
1275000 3454.62 35.9816 155.647 21.0883
1276000 3451.19 36.0108 155.593 21.0736
1277000 3463.78 35.9667 155.674 21.0868
1278000 3481.15 35.9389 155.66 21.1021
1279000 3476.33 36.0421 155.536 21.0616
1280000 3499.41 35.9691 155.661 21.0677
1281000 3490.98 35.949 155.705 21.0925
1282000 3537.62 35.9754 155.458 21.0832
1283000 3516.01 35.9983 155.597 21.067
1284000 3533.01 35.9617 155.626 21.0786
1285000 3552.36 36.0501 155.461 21.0501
1286000 3547.69 35.9551 155.759 21.0689
1287000 3565.71 35.9635 155.681 21.0561
1288000 3560.71 35.9416 155.613 21.0824
1289000 3600.97 35.9494 155.708 21.0591
1290000 3592.05 35.9857 155.534 21.0548
1291000 3619.92 35.911 155.68 21.0687
1292000 3602.81 35.9803 155.599 21.0448
1293000 3630.21 35.995 155.497 21.0418
1294000 3628.03 35.9475 155.567 21.0569
1295000 3648.43 35.9484 155.507 21.0574
1296000 3644.32 35.9457 155.605 21.0608
1297000 3669.14 35.9683 155.494 21.0529
1298000 3673.37 35.98 155.455 21.0496
1299000 3688.84 35.933 155.618 21.0605
1300000 3695.02 35.9675 155.48 21.0409
1301000 3698.64 35.9906 155.495 21.0372
1302000 3724.88 35.9604 155.513 21.038
1303000 3730.18 35.938 155.599 21.0511
1304000 3729.62 35.9654 155.371 21.0531
1305000 3754.77 35.9836 155.538 21.0195
1306000 3744.09 35.9295 155.561 21.0525
1307000 3764.18 35.9024 155.444 21.0579
1308000 3778.92 35.9739 155.447 21.04
1309000 3787.96 35.9379 155.464 21.0516
1310000 3792.62 35.9285 155.487 21.0427
1311000 3799.98 35.9454 155.486 21.0315
1312000 3819.89 35.922 155.53 21.0339
1313000 3814.88 35.9138 155.495 21.0478
1314000 3850.82 35.9636 155.366 21.028
1315000 3837.07 35.9523 155.503 21.0189
1316000 3863.21 35.8728 155.522 21.0641
1317000 3861.46 35.947 155.39 21.0206
1318000 3870.29 35.9404 155.421 21.0156
1319000 3897.72 35.9089 155.44 21.0392
1320000 3888.25 35.9917 155.258 21.0093
1321000 3898.28 35.9032 155.466 21.0214
1322000 3925.31 35.9071 155.429 21.031
1323000 3929.37 35.9364 155.3 21.0181
1324000 3923.96 35.9038 155.324 21.0377
1325000 3942.68 35.9083 155.423 21.0279
1326000 3957.42 35.9341 155.26 21.0239
1327000 3954.87 35.956 155.249 21.0111
1328000 3988.56 35.9139 155.338 21.0179
1329000 3976.72 35.9375 155.261 21.0158
1330000 3997.32 35.9069 155.261 21.0256
1331000 4009.9 35.8987 155.3 21.0179
1332000 3980.37 35.8731 155.422 21.0304
1333000 4007.59 35.9335 155.268 21.0008
1334000 4010.75 35.9125 155.296 21.0081
1335000 3979.55 35.8953 155.359 21.0176
1336000 4011.22 35.9042 155.227 21.0283
1337000 3991.7 35.9078 155.301 21.0106
1338000 3991.63 35.8896 155.281 21.0323
1339000 4020.64 35.8989 155.31 21.0141
1340000 3996.09 35.9216 155.121 21.022
1341000 3996.75 35.9021 155.265 21.0174
1342000 3990.34 35.915 155.276 20.9964
1343000 4014.57 35.911 155.229 21.0196
1344000 3990.85 35.9006 155.265 20.9974
1345000 4007.38 35.935 155.224 20.9964
1346000 3995.52 35.9052 155.375 21.0075
1347000 3999.62 35.8948 155.315 21.0103
1348000 4004.02 35.9229 155.238 21.0013
1349000 3998.68 35.8997 155.375 21.0028
1350000 4001.18 35.9066 155.332 21.0085
1351000 3998.29 35.9158 155.295 21.0087
1352000 4009.42 35.8817 155.318 21.022
1353000 3996.19 35.9098 155.332 21.0005
1354000 3990.57 35.9056 155.359 21.0037
1355000 4015.26 35.9118 155.291 21.0115
1356000 3993.35 35.9434 155.251 20.9965
1357000 3993.95 35.8632 155.519 21.0123
1358000 4004.96 35.8947 155.363 21.0086
1359000 4003.63 35.9145 155.193 21.0165
1360000 3995.47 35.8996 155.398 21.0084
1361000 4006.32 35.8911 155.385 20.9983
1362000 4007.77 35.871 155.397 21.0135
1363000 3994.08 35.9099 155.231 21.0124
1364000 3995.98 35.9283 155.341 21.001
1365000 4013.27 35.9087 155.419 20.9992
1366000 3983.01 35.9196 155.314 21.0125
1367000 3995.92 35.8969 155.411 21.0175
1368000 4009.89 35.928 155.394 21.0039
1369000 4010.91 35.9092 155.221 21.0243
1370000 3994.75 35.904 155.33 21.0255
1371000 3992.51 35.9045 155.457 21.0097
1372000 3998.91 35.9109 155.305 21.0175
1373000 3997.54 35.9024 155.337 21.0219
1374000 4016.72 35.9557 155.28 21.0005
1375000 4005.52 35.9382 155.214 21.016
1376000 3996.64 35.9288 155.254 21.0125
1377000 3988.8 35.8931 155.356 21.0255
1378000 3994.59 35.923 155.305 21.0182
1379000 4012.8 35.8985 155.295 21.0257
1380000 3978.92 35.9158 155.317 21.0074
1381000 4026.96 35.9082 155.2 21.0258
1382000 3982.47 35.9761 155.259 20.9985
1383000 4018.06 35.8696 155.29 21.0531
1384000 3984.74 35.9167 155.394 21.0251
1385000 4015.49 35.9286 155.369 21.0021
1386000 3999.29 35.8901 155.412 21.0178
1387000 3991.25 35.907 155.386 21.0233
1388000 4006.67 35.9092 155.285 21.0171
1389000 3986.56 35.9421 155.294 20.992
1390000 4003.52 35.9181 155.249 21.0084
1391000 4007.23 35.9039 155.296 21.0084
1392000 3991.13 35.8957 155.367 21.0234
1393000 3996.75 35.9235 155.176 21.0223
1394000 4000.87 35.9071 155.371 21.007
1395000 3999.21 35.9085 155.32 21.0075
1396000 4008.68 35.9099 155.293 21.0043
1397000 3995.8 35.9439 155.246 21.0018
1398000 4001.11 35.8925 155.291 21.0195
1399000 3991.61 35.9195 155.332 20.9966
1400000 4016.38 35.9394 155.16 21.0029
1401000 3979.17 35.9024 155.299 21.0165
1402000 4006.59 35.8879 155.3 21.0137
1403000 3991.08 35.9486 155.236 20.9949
1404000 4005.01 35.8915 155.223 21.0308
1405000 3996.97 35.9709 155.167 20.9862
1406000 4010.78 35.9149 155.265 21.0019
1407000 3986.32 35.9144 155.298 21.0029
1408000 4013.92 35.8716 155.388 21.0204
1409000 4000.31 35.9163 155.392 20.9868
1410000 4006.71 35.9251 155.263 21.0117
1411000 3977.74 35.9115 155.443 21.0017
1412000 4018.12 35.8776 155.382 21.0127
1413000 3976.72 35.9189 155.295 21.0111
1414000 4014.94 35.8271 155.454 21.0434
1415000 4001.63 35.9303 155.094 21.0013
1416000 3983.61 35.8864 155.282 21.0351
1417000 4019.23 35.9364 155.287 20.9992
1418000 3998.75 35.9271 155.223 21.0054
1419000 3982.57 35.886 155.349 21.0155
1420000 4016.74 35.9113 155.209 21.007
1421000 3997.83 35.9383 155.243 20.9888
1422000 3995.12 35.9046 155.234 21.0147
1423000 3993.36 35.9143 155.19 21.0068
1424000 4000.85 35.9161 155.292 21.0057
1425000 4002.67 35.9302 155.192 20.9954
1426000 4009.26 35.8888 155.291 21.0175
1427000 3977.97 35.9658 155.159 20.9871
1428000 4025.53 35.9448 155.141 20.9802
1429000 3991.08 35.9307 155.155 21.0131
1430000 3994.3 35.8895 155.277 21.0012
1431000 3997.07 35.9255 155.238 20.9932
1432000 4010.28 35.9257 155.201 20.9971
1433000 3989.04 35.891 155.31 21.0196
1434000 4012.15 35.9184 155.193 21.0115
1435000 3996.83 35.9291 155.258 20.9793
1436000 3998.48 35.8783 155.227 21.0186
1437000 3990.8 35.9617 155.094 20.9986
1438000 4024.35 35.9592 155.091 20.9834
1439000 3980.55 35.9205 155.072 21.0264
1440000 4008.17 35.9339 155.204 21.0028
1441000 3986.1 35.9437 155.128 20.9988
1442000 4003.79 35.9329 155.123 21.015
1443000 4012.86 35.969 155.137 20.9815
1444000 4003.58 35.9438 155.127 21.0062
1445000 3992.89 35.966 155.011 20.9991
1446000 4003.08 35.9249 155.201 21.0006
1447000 3999.04 35.8902 155.147 21.0366
1448000 4002.71 35.9238 155.207 21.0083
1449000 4011.41 35.9082 155.217 21.0255
1450000 3979 35.9436 155.117 21.0173
1451000 4005.83 35.9416 155.124 21.0159
1452000 4006.56 35.9347 155.114 21.0027
1453000 3983.5 35.9808 155.044 20.9994
1454000 4022.59 35.9464 155.083 21.0057
1455000 4002.8 35.9585 155.159 20.9856
1456000 4003.41 35.9499 155.046 21.0107
1457000 3998.04 35.9179 155.187 21.0103
1458000 3998.65 35.9381 155.185 21.0039
1459000 3994.83 35.9337 155.21 20.9867
1460000 3995.58 35.9301 155.29 20.9957
1461000 3993.84 35.9332 155.1 21.0119
1462000 4015.67 35.9727 155.095 20.9936
1463000 3985.42 35.9042 155.269 21.0147
1464000 4004.45 35.9515 155.232 20.9991
1465000 4001 35.9345 155.314 20.9916
1466000 3993.12 35.8511 155.364 21.0487
1467000 3998.8 35.9248 155.216 21.0102
1468000 4013.78 35.9519 155.083 20.9979
1469000 3995.14 35.9235 155.176 21.0163
1470000 3998.32 35.9569 155.134 20.9902
1471000 3995.6 35.9322 155.172 21.0033
1472000 3999.9 35.9531 155.136 20.9988
1473000 3999.57 35.943 155.175 20.9971
1474000 3997.11 35.9409 155.217 21.0016
1475000 3985.32 35.9624 155.205 20.972
1476000 4018.06 35.934 155.18 20.9993
1477000 3999.82 35.9318 155.214 21.0082
1478000 3996.81 35.9472 155.281 20.9886
1479000 4002.12 35.907 155.24 21.0135
1480000 4000.3 35.9005 155.321 21.0024
1481000 3998.76 35.9365 155.255 21.005
1482000 4010.75 35.943 155.228 20.9959
1483000 3986.38 35.9508 155.19 20.9912
1484000 4006.05 35.9159 155.341 20.9865
1485000 3993.83 35.9536 155.292 20.9863
1486000 4002.98 35.94 155.114 20.9998
1487000 4001.58 35.9654 155.139 20.9887
1488000 4004.51 35.9071 155.238 21.0028
1489000 3998.91 35.9385 155.231 20.9906
1490000 4000.77 35.9643 155.182 20.9878
1491000 4006.83 35.9516 155.13 20.9961
1492000 3984.73 35.9815 155.114 20.9878
1493000 4003.72 35.9485 155.131 20.9881
1494000 3999.38 35.9066 155.286 21.0017
1495000 4000.05 35.9199 155.275 21.001
1496000 3997.75 35.95 155.159 20.9868
1497000 3998.27 35.9444 155.194 20.9938
1498000 4000.08 35.9318 155.22 20.987
1499000 4003.87 35.9399 155.154 20.9953
1500000 3995.8 35.949 155.186 20.9848
1501000 4003.76 35.9742 155.162 20.982
1502000 3997.15 35.9035 155.392 20.9846
1503000 4001.21 35.9666 155.177 20.9972
1504000 3993.27 35.9023 155.278 20.9933
1505000 4005.5 35.9727 155.1 20.9968
1506000 3997.74 35.9648 155.154 20.9785
1507000 4008.31 35.9149 155.242 20.989
1508000 3979.99 35.9606 155.234 20.9907
1509000 4022.62 35.9859 155.05 20.9687
1510000 3982.99 35.9233 155.189 21.0032
1511000 4020.16 35.9406 155.176 20.985
1512000 3993.91 36.0104 155.009 20.9685
1513000 4007.56 35.9357 155.125 20.999
1514000 3979.73 35.9439 155.126 20.9969
1515000 4005.04 35.936 155.216 20.9869
1516000 4001.64 35.9539 155.083 20.9858
1517000 4001.79 35.9079 155.261 20.9999
1518000 4003.66 35.9339 155.179 20.9906
1519000 4010.08 35.9192 155.268 20.9957
1520000 3994.21 35.9803 155.043 20.9876
1521000 3988.55 35.9206 155.277 20.9954
1522000 4000.2 35.9021 155.212 21.0075
1523000 4015.57 35.9737 155.123 20.9756
1524000 3987.44 35.9587 155.273 20.972
1525000 4001.55 35.9391 155.185 21.0151
1526000 4005.48 35.9172 155.284 20.9839
1527000 3994.71 35.9722 155.151 20.9779
1528000 4009.61 35.8968 155.275 21.0072
1529000 3983.43 35.9411 155.223 20.9917
1530000 4005.87 35.9017 155.284 20.9965
1531000 4005.79 35.9309 155.268 20.9815
1532000 4007.86 35.9044 155.402 20.9866
1533000 4035.88 35.9134 155.243 20.9964
1534000 4031.89 35.9603 155.176 20.9677
1535000 4043.95 35.8854 155.315 20.9943
1536000 4061.6 35.9134 155.26 20.9889
1537000 4056.04 35.9402 155.166 20.9805
1538000 4076.08 35.9193 155.254 20.9804
1539000 4081.38 35.9281 155.133 20.986
1540000 4102.17 35.9153 155.164 20.9835
1541000 4100.51 35.9282 155.212 20.985
1542000 4119.43 35.9712 154.913 20.9754
1543000 4125.77 35.9511 155.069 20.9742
1544000 4132.87 35.9379 155.101 20.9744
1545000 4157.26 35.9298 155.051 20.9635
1546000 4140.26 35.9325 155.077 20.9779
1547000 4180.11 35.9396 155.064 20.9582
1548000 4178.6 35.9472 155.059 20.9758
1549000 4166 35.9534 155.076 20.9619
1550000 4208.53 35.9057 155.123 20.9539
1551000 4191.57 35.9857 154.964 20.9375
1552000 4221.42 35.8871 155.101 20.9805
1553000 4218.5 35.9 155.036 20.9712
1554000 4230.81 35.9382 155.03 20.9536
1555000 4260.53 35.951 154.911 20.9626
1556000 4236.5 35.8953 155.046 20.9748
1557000 4283.14 35.9255 155.081 20.935
1558000 4261.09 35.9198 155 20.9518
1559000 4293.04 35.9224 155.096 20.9419
1560000 4296.11 35.9111 155.054 20.9477
1561000 4302.91 35.9299 155.062 20.9443
1562000 4316.09 35.8863 155.065 20.9676
1563000 4334.65 35.9365 155.037 20.9339
1564000 4318.63 35.8714 155.104 20.9614
1565000 4352.02 35.9198 155.022 20.9429
1566000 4359.18 35.9041 154.989 20.9501
1567000 4372.34 35.897 155.016 20.9391
1568000 4371.16 35.8837 155.111 20.9536
1569000 4384.69 35.8802 155.035 20.9563
1570000 4387.39 35.8532 155.152 20.9458
1571000 4397.59 35.8871 155.08 20.9426
1572000 4420.39 35.8788 155.022 20.9541
1573000 4442.26 35.8989 155.044 20.9295
1574000 4423.38 35.8906 155.043 20.9254
1575000 4429.72 35.8743 154.973 20.9395
1576000 4476.06 35.9021 154.961 20.934
1577000 4452.18 35.8689 155.095 20.9372
1578000 4501.88 35.8601 154.998 20.9274
1579000 4469.39 35.895 155.007 20.9258
1580000 4496.64 35.8762 154.971 20.9338
1581000 4510.28 35.8908 154.956 20.9285
1582000 4517 35.8528 155.002 20.9546
1583000 4519.22 35.8627 154.951 20.9251
1584000 4536.62 35.8579 154.998 20.9416
1585000 4540.46 35.937 154.945 20.8876
1586000 4561.21 35.9119 154.818 20.9034
1587000 4557.33 35.8635 155.008 20.9142
1588000 4589.4 35.8559 154.895 20.9218
1589000 4574.31 35.8857 154.942 20.9076
1590000 4589.67 35.8417 155.015 20.9329
1591000 4618.52 35.9011 154.894 20.901
1592000 4610.31 35.8709 154.926 20.9109
1593000 4623.48 35.9023 154.862 20.8986
1594000 4636.33 35.9019 154.828 20.9096
1595000 4640.38 35.8875 154.832 20.9149
1596000 4656.33 35.8886 154.771 20.9134
1597000 4667.35 35.922 154.708 20.8977
1598000 4676.97 35.9352 154.744 20.8865
1599000 4687.69 35.8708 154.733 20.9108
1600000 4694.81 35.8782 154.816 20.905
1601000 4701.42 35.9336 154.704 20.8754
1602000 4724.75 35.9136 154.643 20.8887
1603000 4714.6 35.8878 154.788 20.8883
1604000 4732.65 35.8931 154.707 20.9016
1605000 4745.77 35.8782 154.828 20.8855
1606000 4755.94 35.8737 154.794 20.8957
1607000 4768.15 35.8907 154.841 20.8844
1608000 4763.36 35.8722 154.802 20.8733
1609000 4806.33 35.8827 154.738 20.8889
1610000 4772.23 35.8903 154.706 20.8857
1611000 4807.9 35.9234 154.66 20.8651
1612000 4812.29 35.8906 154.762 20.8766
1613000 4831.25 35.8944 154.753 20.8608
1614000 4818.07 35.8976 154.637 20.8915
1615000 4866.67 35.9251 154.637 20.8535
1616000 4854.22 35.8767 154.746 20.8723
1617000 4845.84 35.9067 154.664 20.8651
1618000 4884.98 35.883 154.688 20.8727
1619000 4891.99 35.8938 154.601 20.8673
1620000 4891.93 35.8724 154.649 20.8788
1621000 4903.89 35.8527 154.707 20.8771
1622000 4905.77 35.8971 154.566 20.8657
1623000 4917.24 35.8488 154.667 20.8828
1624000 4950.51 35.8697 154.557 20.8687
1625000 4943.37 35.8277 154.704 20.8789
1626000 4954.94 35.8651 154.485 20.875
1627000 4952.33 35.8227 154.746 20.8779
1628000 5001.21 35.8422 154.715 20.8526
1629000 4955.03 35.8391 154.579 20.8907
1630000 5016.42 35.8693 154.612 20.8632
1631000 5007.24 35.8936 154.457 20.8532
1632000 4981.27 35.8451 154.541 20.8665
1633000 5011.21 35.8683 154.499 20.8617
1634000 4987.33 35.8616 154.548 20.8617
1635000 5002.95 35.8504 154.627 20.8527
1636000 4995.39 35.8705 154.631 20.8543
1637000 5006.01 35.9092 154.446 20.8441
1638000 5006.89 35.808 154.829 20.8715
1639000 5004.28 35.8551 154.703 20.85
1640000 4991.23 35.8868 154.601 20.8506
1641000 5004.13 35.837 154.735 20.8629
1642000 4989.8 35.8763 154.557 20.854
1643000 5010.36 35.8768 154.626 20.8525
1644000 5003.51 35.8661 154.609 20.8598
1645000 4985.59 35.8608 154.672 20.8631
1646000 5009.18 35.8567 154.699 20.8381
1647000 4993.61 35.857 154.725 20.8549
1648000 5010.02 35.873 154.632 20.8596
1649000 4999.2 35.8581 154.658 20.843
1650000 4990.16 35.8745 154.6 20.8588
1651000 5000.81 35.8466 154.597 20.8662
1652000 5006.94 35.9143 154.486 20.8468
1653000 5005.65 35.8775 154.549 20.8706
1654000 4985.36 35.87 154.618 20.8584
1655000 5008.16 35.9133 154.453 20.8463
1656000 4991.44 35.8609 154.7 20.8619
1657000 5001.43 35.9139 154.544 20.8514
1658000 5011.85 35.9033 154.628 20.8339
1659000 5003.88 35.8978 154.503 20.8525
1660000 5001.12 35.8863 154.573 20.8451
1661000 4993.63 35.8736 154.659 20.845
1662000 5001.86 35.8746 154.699 20.8468
1663000 5002.09 35.8854 154.642 20.8529
1664000 5001.22 35.8738 154.595 20.8493
1665000 4982.14 35.9508 154.36 20.8361
1666000 5001.83 35.8382 154.598 20.8805
1667000 5017.54 35.8818 154.485 20.8481
1668000 4995.99 35.8713 154.581 20.8768
1669000 4997.95 35.8578 154.691 20.8519
1670000 5001.84 35.8793 154.512 20.8545
1671000 5001.07 35.8466 154.682 20.8619
1672000 5004.91 35.8829 154.445 20.8582
1673000 4992.62 35.8772 154.455 20.8608
1674000 5000.65 35.8665 154.67 20.8426
1675000 4990.79 35.8663 154.555 20.862
1676000 5005.92 35.9006 154.42 20.8521
1677000 5002.91 35.8464 154.518 20.8761
1678000 5013.48 35.8801 154.447 20.8557
1679000 4989.07 35.9041 154.519 20.8458
1680000 5008.46 35.8553 154.438 20.8701
1681000 4990.88 35.8703 154.546 20.8537
1682000 5012.47 35.8598 154.484 20.8609
1683000 4991.29 35.8738 154.496 20.8688
1684000 4994.01 35.8571 154.551 20.873
1685000 5010.03 35.8632 154.514 20.8689
1686000 4995.26 35.8908 154.452 20.8697
1687000 4995.24 35.8428 154.622 20.8756
1688000 5004.14 35.8733 154.5 20.8576
1689000 4993.65 35.8749 154.488 20.8774
1690000 5020.78 35.8659 154.493 20.8692
1691000 4972.37 35.8958 154.465 20.8492
1692000 5015.04 35.8678 154.527 20.8562
1693000 5006.62 35.8474 154.551 20.8695
1694000 4992.24 35.8996 154.419 20.8598
1695000 4996.78 35.8533 154.647 20.8511
1696000 5002.25 35.8752 154.5 20.858
1697000 5004.64 35.8555 154.645 20.8513
1698000 5000.21 35.8705 154.59 20.8677
1699000 5005.68 35.855 154.504 20.8668
1700000 4999.55 35.8582 154.556 20.8679
1701000 4992.43 35.8601 154.465 20.8765
1702000 5013.24 35.8552 154.469 20.8711
1703000 4975.25 35.861 154.505 20.8751
1704000 5011.77 35.8519 154.526 20.8673
1705000 4994.65 35.8684 154.485 20.8539
1706000 4996.36 35.8428 154.558 20.8633
1707000 5005.44 35.8896 154.504 20.8419
1708000 4987.32 35.857 154.524 20.8617
1709000 5007 35.8712 154.402 20.8676
1710000 4994.9 35.9126 154.43 20.8504
1711000 5016.87 35.8665 154.467 20.8657
1712000 4983.85 35.8917 154.336 20.8658
1713000 5010.4 35.872 154.528 20.8459
1714000 4982.22 35.8766 154.548 20.8651
1715000 4997.54 35.8936 154.398 20.866
1716000 5005.02 35.9142 154.435 20.8404
1717000 5009.79 35.8578 154.597 20.8608
1718000 4986.53 35.8977 154.396 20.8662
1719000 4998.35 35.8713 154.619 20.8547
1720000 5011.18 35.9097 154.393 20.8559
1721000 4991.08 35.845 154.543 20.8708
1722000 5006.41 35.9212 154.479 20.838
1723000 4989.66 35.8885 154.521 20.8451
1724000 5017.2 35.8745 154.45 20.8646
1725000 4980.15 35.9022 154.467 20.8485
1726000 5011.09 35.855 154.531 20.8605
1727000 5006.72 35.8896 154.434 20.8624
1728000 4999.73 35.8693 154.494 20.8622
1729000 4997.83 35.8409 154.493 20.8776
1730000 5002.94 35.879 154.436 20.8664
1731000 4995.67 35.8846 154.446 20.8509
1732000 4981.27 35.8607 154.4 20.8801
1733000 5011.9 35.8593 154.58 20.8666
1734000 5004.3 35.9007 154.344 20.8491
1735000 4987.52 35.8657 154.451 20.8711
1736000 5007.66 35.8627 154.436 20.8749
1737000 5003.91 35.8567 154.369 20.8727
1738000 4997.68 35.8848 154.398 20.8694
1739000 5000.1 35.8754 154.413 20.8747
1740000 4999.08 35.8826 154.358 20.8662
1741000 5006.64 35.8561 154.543 20.8611
1742000 5002.48 35.9101 154.472 20.8522
1743000 4993.58 35.8637 154.463 20.8681
1744000 5004.28 35.8703 154.497 20.8616
1745000 5006.78 35.8471 154.564 20.8702
1746000 4988.01 35.8582 154.504 20.8728
1747000 5009.78 35.8278 154.583 20.8687
1748000 4994.66 35.9004 154.361 20.8623
1749000 4997.84 35.8616 154.509 20.8649
1750000 5004.71 35.8841 154.368 20.8755
1751000 4998.9 35.8843 154.431 20.8653
1752000 5016.29 35.8545 154.479 20.8697
1753000 4989.59 35.8498 154.562 20.8691
1754000 4992.68 35.8829 154.527 20.8557
1755000 4997.69 35.8851 154.491 20.8541
1756000 5009.08 35.8572 154.5 20.8687
1757000 4995.42 35.8653 154.553 20.8553
1758000 4985.94 35.8373 154.578 20.8737
1759000 5021.97 35.8547 154.472 20.8767
1760000 4993.46 35.8942 154.484 20.8548
1761000 5002.64 35.7936 154.593 20.8964
1762000 4996 35.8762 154.447 20.8685
1763000 5014.73 35.8616 154.461 20.8623
1764000 4976.85 35.847 154.486 20.8776
1765000 5009.26 35.8511 154.488 20.8675
1766000 5000.71 35.8638 154.59 20.8523
1767000 4987.45 35.8319 154.556 20.8765
1768000 5012.26 35.8667 154.445 20.8761
1769000 5002.75 35.8371 154.591 20.8607
1770000 4997.48 35.8518 154.533 20.8685
1771000 5002.9 35.8955 154.449 20.8532
1772000 4988.22 35.8725 154.37 20.8725
1773000 4999.07 35.8389 154.534 20.8676
1774000 5005.41 35.86 154.457 20.8698
1775000 5002.78 35.8162 154.57 20.89
1776000 4996.09 35.8409 154.571 20.8701
1777000 4998.08 35.8657 154.42 20.876
1778000 4998.7 35.8662 154.471 20.8689
1779000 5008.36 35.8639 154.39 20.8652
1780000 5008.64 35.8744 154.441 20.8608
1781000 5000.38 35.8925 154.347 20.8622
1782000 4993.38 35.8816 154.43 20.866
1783000 4997.77 35.8429 154.496 20.8817
1784000 5003.58 35.8907 154.449 20.8617
1785000 4994.36 35.8811 154.473 20.8612
1786000 5004.51 35.8862 154.405 20.8681
1787000 4989.58 35.8845 154.496 20.8515
1788000 5005.9 35.851 154.539 20.8738
1789000 5004.3 35.8688 154.514 20.8628
1790000 4994.18 35.8428 154.592 20.8654
1791000 4996.17 35.8813 154.463 20.8749
1792000 5011.85 35.8415 154.561 20.8666
1793000 4992.95 35.8952 154.47 20.8613
1794000 4994.71 35.8591 154.466 20.8717
1795000 5003.13 35.8542 154.49 20.8744
1796000 4996.11 35.8685 154.445 20.8671
1797000 4993.04 35.909 154.383 20.8469
1798000 5010.66 35.8398 154.462 20.8854
1799000 4988.26 35.8682 154.379 20.8794
1800000 5008.85 35.8703 154.442 20.8659
1801000 4993.61 35.9154 154.342 20.8569
1802000 5001.72 35.8935 154.258 20.8735
1803000 5008.6 35.8733 154.473 20.861
1804000 5002.97 35.869 154.386 20.8777
1805000 5006.91 35.8608 154.437 20.8805
1806000 4989.71 35.8883 154.294 20.8846
1807000 4999.51 35.911 154.396 20.8573
1808000 4986.17 35.8945 154.363 20.8649
1809000 5006.57 35.8577 154.513 20.8708
1810000 5006.5 35.8485 154.505 20.8782
1811000 4987.42 35.8806 154.433 20.8745
1812000 5015.26 35.8432 154.481 20.8878
1813000 4993.19 35.9145 154.377 20.8557
1814000 5005.68 35.8725 154.372 20.872
1815000 4989 35.8715 154.481 20.8646
1816000 5011.58 35.8736 154.469 20.8635
1817000 4987.31 35.8785 154.595 20.848
1818000 5010.65 35.8794 154.457 20.856
1819000 4993.54 35.846 154.451 20.8802
1820000 5008.55 35.8835 154.491 20.8541
1821000 5002.88 35.8658 154.426 20.8724
1822000 4998.16 35.8781 154.402 20.8692
1823000 5003.02 35.8619 154.555 20.8632
1824000 5012.47 35.8934 154.325 20.8719
1825000 4982.77 35.8979 154.438 20.8508
1826000 4991.52 35.8778 154.507 20.8632
1827000 5005.99 35.8887 154.353 20.8573
1828000 5009.55 35.8983 154.471 20.8369
1829000 4998.51 35.8769 154.401 20.8632
1830000 4996.79 35.8808 154.42 20.8562
